 Simulation Result by Fortran 90 Coding
 
    i         t      dt       q_inj       q_oil       q_wat          WC         WOR             Wi             Np             Wp     Error_w     Error_o     p_inj    p_prod
    0      0.10     0.1    39133.76    36194.49      581.14    0.015802    0.016056    0.39134E+01    0.36194E+01    0.58114E-01    0.51E-10   -0.26E-09   2289.56   2231.83
    1      0.30     0.2    39133.76    36194.05      581.58    0.015814    0.016068    0.11740E+02    0.10858E+02    0.17443E+00    0.51E-10   -0.26E-09   2307.95   2210.95
    2      0.70     0.4    39133.76    36193.38      582.25    0.015832    0.016087    0.27394E+02    0.25336E+02    0.40733E+00    0.51E-10   -0.26E-09   2339.77   2178.38
    3      1.31     0.6    39133.76    36192.48      583.15    0.015857    0.016112    0.51420E+02    0.47556E+02    0.76536E+00    0.51E-10   -0.26E-09   2384.01   2134.05
    4      2.01     0.7    39133.76    36191.57      584.06    0.015882    0.016138    0.78521E+02    0.72620E+02    0.11698E+01    0.51E-10   -0.26E-09   2429.52   2088.61
    5      2.77     0.8    39133.76    36190.68      584.95    0.015906    0.016163    0.10830E+03    0.10016E+03    0.16149E+01    0.51E-10   -0.26E-09   2475.09   2043.22
    6      3.60     0.8    39133.76    36189.81      585.82    0.015930    0.016187    0.14096E+03    0.13037E+03    0.21039E+01    0.51E-10   -0.26E-09   2520.61   1998.10
    7      4.52     0.9    39133.76    36188.96      586.67    0.015953    0.016211    0.17685E+03    0.16355E+03    0.26419E+01    0.51E-10   -0.26E-09   2566.05   1953.30
    8      5.53     1.0    39133.76    36188.14      587.49    0.015975    0.016234    0.21633E+03    0.20006E+03    0.32346E+01    0.51E-10   -0.26E-09   2611.41   1908.89
    9      6.64     1.1    39133.76    36187.36      588.27    0.015996    0.016256    0.25985E+03    0.24031E+03    0.38889E+01    0.51E-10   -0.26E-09   2656.79   1864.90
   10      7.87     1.2    39133.76    36186.61      589.02    0.016017    0.016277    0.30781E+03    0.28465E+03    0.46107E+01    0.51E-10   -0.26E-09   2702.18   1821.42
   11      9.22     1.3    39133.76    36185.90      589.73    0.016036    0.016297    0.36064E+03    0.33350E+03    0.54068E+01    0.51E-10   -0.26E-09   2747.48   1778.52
   12     10.71     1.5    39133.76    36185.24      590.39    0.016054    0.016316    0.41895E+03    0.38742E+03    0.62864E+01    0.51E-10   -0.26E-09   2792.81   1736.18
   13     12.35     1.6    39133.76    36184.63      591.00    0.016071    0.016333    0.48327E+03    0.44689E+03    0.72578E+01    0.51E-10   -0.26E-09   2838.25   1694.45
   14     14.08     1.7    39133.76    36184.08      591.55    0.016085    0.016348    0.55106E+03    0.50957E+03    0.82826E+01    0.51E-10   -0.26E-09   2881.75   1654.99
   15     15.84     1.8    39133.76    36183.62      592.01    0.016098    0.016361    0.61997E+03    0.57329E+03    0.93250E+01    0.51E-10   -0.26E-09   2922.30   1618.77
   16     17.64     1.8    39133.76    36183.23      592.40    0.016108    0.016372    0.69018E+03    0.63820E+03    0.10388E+02    0.51E-10   -0.26E-09   2960.37   1585.25
   17     19.47     1.8    39133.76    36182.91      592.72    0.016117    0.016381    0.76197E+03    0.70458E+03    0.11475E+02    0.51E-10   -0.26E-09   2996.22   1553.96
   18     21.36     1.9    39133.76    36182.63      593.00    0.016125    0.016389    0.83572E+03    0.77277E+03    0.12593E+02    0.51E-10   -0.26E-09   3030.46   1524.53
   19     23.30     1.9    39133.76    36182.41      593.22    0.016131    0.016395    0.91177E+03    0.84308E+03    0.13745E+02    0.51E-10   -0.26E-09   3063.08   1496.66
   20     25.32     2.0    39133.76    36182.23      593.40    0.016136    0.016400    0.99072E+03    0.91608E+03    0.14943E+02    0.51E-10   -0.26E-09   3094.54   1470.05
   21     27.42     2.1    39133.76    36182.09      593.54    0.016139    0.016404    0.10731E+04    0.99226E+03    0.16192E+02    0.51E-10   -0.26E-09   3125.15   1444.48
   22     29.63     2.2    39133.76    36181.99      593.64    0.016142    0.016407    0.11596E+04    0.10722E+04    0.17504E+02    0.51E-10   -0.26E-09   3154.78   1419.78
   23     31.97     2.3    39133.76    36181.93      593.70    0.016144    0.016409    0.12513E+04    0.11570E+04    0.18895E+02    0.51E-10   -0.26E-09   3184.08   1395.72
   24     34.47     2.5    39133.76    36181.92      593.71    0.016144    0.016409    0.13490E+04    0.12473E+04    0.20377E+02    0.51E-10   -0.26E-09   3213.05   1372.21
   25     37.16     2.7    39133.76    36181.96      593.67    0.016143    0.016408    0.14540E+04    0.13444E+04    0.21971E+02    0.51E-10   -0.26E-09   3241.90   1349.11
   26     40.07     2.9    39133.76    36182.04      593.59    0.016141    0.016406    0.15680E+04    0.14499E+04    0.23700E+02    0.51E-10   -0.26E-09   3271.02   1326.32
   27     43.25     3.2    39133.76    36182.19      593.44    0.016137    0.016401    0.16925E+04    0.15649E+04    0.25588E+02    0.51E-10   -0.26E-09   3300.16   1303.84
   28     46.76     3.5    39133.76    36182.42      593.21    0.016131    0.016395    0.18301E+04    0.16921E+04    0.27673E+02    0.51E-10   -0.26E-09   3329.99   1281.58
   29     50.68     3.9    39133.76    36182.73      592.90    0.016122    0.016386    0.19832E+04    0.18337E+04    0.29993E+02    0.51E-10   -0.26E-09   3360.90   1259.62
   30     54.90     4.2    39133.76    36183.12      592.51    0.016112    0.016375    0.21483E+04    0.19864E+04    0.32493E+02    0.51E-10   -0.26E-09   3391.05   1238.77
   31     58.91     4.0    39133.76    36183.54      592.09    0.016100    0.016364    0.23052E+04    0.21315E+04    0.34867E+02    0.51E-10   -0.26E-09   3417.68   1221.22
   32     62.80     3.9    39133.76    36183.99      591.64    0.016088    0.016351    0.24575E+04    0.22722E+04    0.37169E+02    0.51E-10   -0.26E-09   3441.59   1206.08
   33     66.62     3.8    39133.76    36184.46      591.17    0.016075    0.016338    0.26071E+04    0.24106E+04    0.39430E+02    0.51E-10   -0.26E-09   3463.44   1192.82
   34     70.42     3.8    39133.76    36184.96      590.67    0.016062    0.016324    0.27557E+04    0.25479E+04    0.41672E+02    0.51E-10   -0.26E-09   3483.50   1181.09
   35     74.22     3.8    39133.76    36185.48      590.15    0.016047    0.016309    0.29045E+04    0.26855E+04    0.43916E+02    0.51E-10   -0.26E-09   3502.18   1170.60
   36     78.06     3.8    39133.76    36186.03      589.60    0.016032    0.016294    0.30549E+04    0.28247E+04    0.46183E+02    0.51E-10   -0.26E-09   3520.11   1161.16
   37     81.98     3.9    39133.76    36186.60      589.03    0.016017    0.016277    0.32082E+04    0.29664E+04    0.48489E+02    0.51E-10   -0.26E-09   3536.93   1152.62
   38     86.01     4.0    39133.76    36187.22      588.41    0.016000    0.016260    0.33659E+04    0.31122E+04    0.50861E+02    0.51E-10   -0.26E-09   3553.15   1144.84
   39     90.19     4.2    39133.76    36187.87      587.76    0.015982    0.016242    0.35295E+04    0.32635E+04    0.53318E+02    0.51E-10   -0.26E-09   3568.60   1137.72
   40     94.57     4.4    39133.76    36188.56      587.07    0.015964    0.016222    0.37008E+04    0.34219E+04    0.55887E+02    0.51E-10   -0.26E-09   3583.47   1131.19
   41     99.20     4.6    39133.76    36189.31      586.32    0.015943    0.016201    0.38819E+04    0.35894E+04    0.58601E+02    0.51E-10   -0.26E-09   3598.50   1125.20
   42    104.13     4.9    39133.76    36190.12      585.51    0.015921    0.016179    0.40749E+04    0.37679E+04    0.61489E+02    0.51E-10   -0.26E-09   3613.22   1119.69
   43    109.44     5.3    39133.76    36191.00      584.63    0.015897    0.016154    0.42830E+04    0.39603E+04    0.64597E+02    0.51E-10   -0.26E-09   3627.81   1114.64
   44    115.23     5.8    39133.76    36191.96      583.67    0.015871    0.016127    0.45094E+04    0.41697E+04    0.67974E+02    0.51E-10   -0.26E-09   3643.09   1110.03
   45    121.58     6.3    39133.76    36193.03      582.60    0.015842    0.016097    0.47578E+04    0.43994E+04    0.71672E+02    0.51E-10   -0.26E-09   3658.31   1105.86
   46    128.31     6.7    39133.76    36194.16      581.47    0.015811    0.016065    0.50213E+04    0.46431E+04    0.75587E+02    0.51E-10   -0.26E-09   3673.07   1102.27
   47    134.73     6.4    39133.76    36195.24      580.39    0.015782    0.016035    0.52725E+04    0.48755E+04    0.79313E+02    0.51E-10   -0.26E-09   3686.53   1099.46
   48    140.98     6.2    39133.76    36196.29      579.34    0.015753    0.016006    0.55170E+04    0.51017E+04    0.82933E+02    0.51E-10   -0.26E-09   3697.57   1097.23
   49    147.14     6.2    39133.76    36197.31      578.32    0.015726    0.015977    0.57582E+04    0.53247E+04    0.86497E+02    0.51E-10   -0.26E-09   3707.69   1095.43
   50    153.30     6.2    39133.76    36198.34      577.29    0.015698    0.015948    0.59991E+04    0.55475E+04    0.90050E+02    0.51E-10   -0.26E-09   3717.04   1093.97
   51    159.51     6.2    39133.76    36199.36      576.27    0.015670    0.015919    0.62423E+04    0.57726E+04    0.93632E+02    0.51E-10   -0.26E-09   3725.94   1092.78
   52    165.85     6.3    39133.76    36200.40      575.23    0.015642    0.015890    0.64902E+04    0.60018E+04    0.97276E+02    0.51E-10   -0.26E-09   3734.65   1091.82
   53    172.35     6.5    39133.76    36201.45      574.18    0.015613    0.015861    0.67449E+04    0.62374E+04    0.10101E+03    0.51E-10   -0.26E-09   3741.94   1091.06
   54    179.12     6.8    39133.76    36202.54      573.09    0.015584    0.015830    0.70096E+04    0.64823E+04    0.10489E+03    0.51E-10   -0.26E-09   3749.02   1090.46
   55    186.21     7.1    39133.76    36203.66      571.97    0.015553    0.015799    0.72870E+04    0.67390E+04    0.10894E+03    0.51E-10   -0.26E-09   3756.05   1090.01
   56    193.72     7.5    39133.76    36204.84      570.79    0.015521    0.015766    0.75809E+04    0.70109E+04    0.11323E+03    0.51E-10   -0.26E-09   3763.10   1089.69
   57    201.75     8.0    39133.76    36206.08      569.55    0.015487    0.015731    0.78953E+04    0.73017E+04    0.11781E+03    0.51E-10   -0.26E-09   3770.93   1089.50
   58    210.42     8.7    39133.76    36207.41      568.22    0.015451    0.015694    0.82346E+04    0.76157E+04    0.12273E+03    0.51E-10   -0.26E-09   3777.96   1089.42
   59    219.92     9.5    39133.76    36208.83      566.80    0.015412    0.015654    0.86062E+04    0.79595E+04    0.12812E+03    0.51E-10   -0.26E-09   3784.04   1089.46
   60    230.40    10.5    39133.76    36210.37      565.26    0.015370    0.015610    0.90165E+04    0.83391E+04    0.13404E+03    0.51E-10   -0.26E-09   3790.83   1089.61
   61    242.08    11.7    39133.76    36212.06      563.57    0.015325    0.015563    0.94733E+04    0.87619E+04    0.14062E+03    0.51E-10   -0.26E-09   3797.87   1089.87
   62    255.26    13.2    39133.76    36213.91      561.72    0.015274    0.015511    0.99893E+04    0.92394E+04    0.14803E+03    0.51E-10   -0.26E-09   3805.72   1090.23
   63    268.71    13.5    39133.76    36215.76      559.87    0.015224    0.015459    0.10516E+05    0.97265E+04    0.15556E+03    0.51E-10   -0.26E-09   3813.10   1090.64
   64    282.62    13.9    39133.76    36217.62      558.01    0.015173    0.015407    0.11060E+05    0.10230E+05    0.16332E+03    0.51E-10   -0.26E-09   3820.17   1091.08
   65    297.05    14.4    39133.76    36219.50      556.13    0.015122    0.015354    0.11625E+05    0.10753E+05    0.17134E+03    0.51E-10   -0.26E-09   3825.92   1091.55
   66    312.22    15.2    39133.76    36221.43      554.20    0.015070    0.015300    0.12219E+05    0.11302E+05    0.17975E+03    0.51E-10   -0.26E-09   3832.05   1092.04
   67    327.72    15.5    39133.76    36223.35      552.28    0.015018    0.015247    0.12825E+05    0.11864E+05    0.18831E+03    0.51E-10   -0.26E-09   3837.81   1092.53
   68    343.01    15.3    39133.76    36225.19      550.44    0.014968    0.015195    0.13423E+05    0.12418E+05    0.19673E+03    0.51E-10   -0.26E-09   3842.11   1093.00
   69    358.33    15.3    39133.76    36226.99      548.64    0.014919    0.015145    0.14023E+05    0.12973E+05    0.20513E+03    0.51E-10   -0.26E-09   3846.55   1093.47
   70    373.82    15.5    39133.76    36228.76      546.87    0.014871    0.015095    0.14629E+05    0.13534E+05    0.21360E+03    0.51E-10   -0.26E-09   3851.60   1093.92
   71    389.59    15.8    39133.76    36230.51      545.12    0.014823    0.015046    0.15246E+05    0.14105E+05    0.22220E+03    0.51E-10   -0.26E-09   3856.44   1094.38
   72    405.86    16.3    39133.76    36232.28      543.35    0.014775    0.014996    0.15883E+05    0.14695E+05    0.23104E+03    0.51E-10   -0.26E-09   3860.73   1094.84
   73    422.82    17.0    39133.76    36234.07      541.56    0.014726    0.014946    0.16547E+05    0.15309E+05    0.24023E+03    0.51E-10   -0.26E-09   3864.65   1095.31
   74    440.70    17.9    39133.76    36235.90      539.73    0.014676    0.014895    0.17246E+05    0.15957E+05    0.24987E+03    0.51E-10   -0.26E-09   3868.88   1095.80
   75    458.23    17.5    39133.76    36237.66      537.97    0.014629    0.014846    0.17932E+05    0.16592E+05    0.25930E+03    0.51E-10   -0.26E-09   3871.88   1096.28
   76    475.48    17.2    39133.76    36239.34      536.29    0.014583    0.014799    0.18607E+05    0.17217E+05    0.26855E+03    0.51E-10   -0.26E-09   3874.82   1096.77
   77    492.69    17.2    39133.76    36240.97      534.66    0.014538    0.014753    0.19281E+05    0.17841E+05    0.27776E+03    0.51E-10   -0.26E-09   3878.09   1097.25
   78    510.07    17.4    39133.76    36242.59      533.04    0.014494    0.014708    0.19961E+05    0.18471E+05    0.28702E+03    0.51E-10   -0.26E-09   3880.80   1097.74
   79    527.84    17.8    39133.76    36244.19      531.44    0.014451    0.014663    0.20656E+05    0.19115E+05    0.29647E+03    0.51E-10   -0.26E-09   3883.18   1098.24
   80    546.27    18.4    39133.76    36245.82      529.81    0.014407    0.014617    0.21378E+05    0.19783E+05    0.30623E+03    0.51E-10   -0.26E-09   3885.37   1098.76
   81    565.61    19.3    39133.76    36247.48      528.15    0.014361    0.014571    0.22134E+05    0.20484E+05    0.31644E+03    0.51E-10   -0.26E-09   3887.14   1099.30
   82    586.08    20.5    39133.76    36249.19      526.44    0.014315    0.014523    0.22936E+05    0.21226E+05    0.32722E+03    0.51E-10   -0.26E-09   3888.77   1099.88
   83    608.04    22.0    39133.76    36250.98      524.65    0.014266    0.014473    0.23795E+05    0.22022E+05    0.33875E+03    0.51E-10   -0.26E-09   3889.78   1100.51
   84    631.96    23.9    39133.76    36252.87      522.76    0.014215    0.014420    0.24731E+05    0.22889E+05    0.35125E+03    0.51E-10   -0.26E-09   3890.77   1101.18
   85    657.87    25.9    39133.76    36254.85      520.78    0.014161    0.014364    0.25745E+05    0.23829E+05    0.36474E+03    0.51E-10   -0.26E-09   3891.34   1101.87
   86    683.76    25.9    39133.76    36256.77      518.86    0.014109    0.014311    0.26758E+05    0.24768E+05    0.37817E+03    0.51E-10   -0.26E-09   3891.23   1102.54
   87    709.92    26.2    39133.76    36258.66      516.97    0.014058    0.014258    0.27782E+05    0.25716E+05    0.39170E+03    0.51E-10   -0.26E-09   3891.13   1103.20
   88    736.39    26.5    39133.76    36260.51      515.12    0.014007    0.014206    0.28818E+05    0.26676E+05    0.40533E+03    0.51E-10   -0.26E-09   3890.75   1103.83
   89    762.26    25.9    39133.76    36262.27      513.36    0.013959    0.014157    0.29830E+05    0.27614E+05    0.41862E+03    0.51E-10   -0.26E-09   3889.67   1104.41
   90    787.89    25.6    39133.76    36263.97      511.66    0.013913    0.014109    0.30833E+05    0.28543E+05    0.43173E+03    0.51E-10   -0.26E-09   3888.54   1104.97
   91    813.82    25.9    39133.76    36265.64      509.99    0.013868    0.014063    0.31848E+05    0.29484E+05    0.44495E+03    0.51E-10   -0.26E-09   3887.46   1105.51
   92    840.29    26.5    39133.76    36267.31      508.32    0.013822    0.014016    0.32884E+05    0.30444E+05    0.45841E+03    0.51E-10   -0.26E-09   3886.27   1106.03
   93    867.48    27.2    39133.76    36268.98      506.65    0.013777    0.013969    0.33948E+05    0.31430E+05    0.47218E+03    0.52E-10   -0.26E-09   3884.80   1106.54
   94    895.20    27.7    39133.76    36270.64      504.99    0.013732    0.013923    0.35032E+05    0.32435E+05    0.48618E+03    0.52E-10   -0.26E-09   3881.97   1107.06
   95    922.43    27.2    39133.76    36272.23      503.40    0.013688    0.013878    0.36098E+05    0.33423E+05    0.49989E+03    0.52E-10   -0.26E-09   3879.41   1107.56
   96    949.27    26.8    39133.76    36273.76      501.87    0.013647    0.013836    0.37148E+05    0.34396E+05    0.51336E+03    0.52E-10   -0.26E-09   3877.47   1108.03
   97    976.05    26.8    39133.76    36275.26      500.37    0.013606    0.013794    0.38196E+05    0.35368E+05    0.52676E+03    0.52E-10   -0.26E-09   3875.64   1108.48
   98   1003.17    27.1    39133.76    36276.74      498.89    0.013566    0.013752    0.39258E+05    0.36352E+05    0.54029E+03    0.52E-10   -0.26E-09   3873.94   1108.93
   99   1030.99    27.8    39133.76    36278.23      497.40    0.013525    0.013711    0.40346E+05    0.37361E+05    0.55413E+03    0.51E-10   -0.26E-09   3872.22   1109.37
  100   1059.97    29.0    39133.76    36279.76      495.87    0.013484    0.013668    0.41481E+05    0.38413E+05    0.56850E+03    0.51E-10   -0.26E-09   3870.49   1109.85
  101   1089.97    30.0    39133.76    36281.30      494.33    0.013442    0.013625    0.42655E+05    0.39501E+05    0.58333E+03    0.51E-10   -0.26E-09   3868.80   1110.33
  102   1119.97    30.0    39133.76    36282.81      492.82    0.013401    0.013583    0.43829E+05    0.40590E+05    0.59811E+03    0.51E-10   -0.26E-09   3866.95   1110.78
  103   1149.97    30.0    39133.76    36284.29      491.34    0.013361    0.013541    0.45003E+05    0.41678E+05    0.61285E+03    0.51E-10   -0.26E-09   3865.12   1111.22
  104   1179.97    30.0    39133.76    36285.74      489.89    0.013321    0.013501    0.46177E+05    0.42767E+05    0.62755E+03    0.51E-10   -0.26E-09   3862.62   1111.62
  105   1209.97    30.0    39133.76    36287.16      488.47    0.013282    0.013461    0.47351E+05    0.43855E+05    0.64220E+03    0.51E-10   -0.26E-09   3859.63   1112.07
  106   1239.97    30.0    39133.76    36288.56      487.07    0.013244    0.013422    0.48525E+05    0.44944E+05    0.65682E+03    0.51E-10   -0.26E-09   3856.60   1112.53
  107   1269.97    30.0    39133.76    36289.94      485.69    0.013207    0.013384    0.49699E+05    0.46033E+05    0.67139E+03    0.51E-10   -0.26E-09   3853.86   1112.98
  108   1299.97    30.0    39133.76    36291.29      484.34    0.013170    0.013346    0.50873E+05    0.47121E+05    0.68592E+03    0.51E-10   -0.26E-09   3851.47   1113.37
  109   1329.97    30.0    39133.76    36292.62      483.01    0.013134    0.013309    0.52047E+05    0.48210E+05    0.70041E+03    0.51E-10   -0.26E-09   3849.08   1113.69
  110   1359.97    30.0    39133.76    36293.93      481.70    0.013098    0.013272    0.53221E+05    0.49299E+05    0.71486E+03    0.51E-10   -0.26E-09   3846.40   1113.98
  111   1389.97    30.0    39133.76    36295.22      480.41    0.013063    0.013236    0.54395E+05    0.50388E+05    0.72927E+03    0.51E-10   -0.26E-09   3843.64   1114.26
  112   1419.97    30.0    39133.76    36296.49      479.14    0.013029    0.013201    0.55569E+05    0.51477E+05    0.74364E+03    0.51E-10   -0.26E-09   3840.72   1114.50
  113   1449.97    30.0    39133.76    36297.73      477.90    0.012995    0.013166    0.56743E+05    0.52566E+05    0.75798E+03    0.51E-10   -0.26E-09   3837.68   1114.73
  114   1479.97    30.0    39133.76    36298.97      476.66    0.012961    0.013132    0.57917E+05    0.53655E+05    0.77228E+03    0.51E-10   -0.26E-09   3834.41   1114.94
  115   1509.97    30.0    39133.76    36300.18      475.45    0.012928    0.013098    0.59091E+05    0.54744E+05    0.78655E+03    0.51E-10   -0.26E-09   3831.26   1115.14
  116   1539.97    30.0    39133.76    36301.37      474.26    0.012896    0.013064    0.60265E+05    0.55833E+05    0.80077E+03    0.51E-10   -0.26E-09   3828.32   1115.33
  117   1569.97    30.0    39133.76    36302.55      473.08    0.012864    0.013031    0.61439E+05    0.56922E+05    0.81497E+03    0.51E-10   -0.26E-09   3825.54   1115.47
  118   1599.97    30.0    39133.76    36303.72      471.91    0.012832    0.012999    0.62613E+05    0.58011E+05    0.82912E+03    0.51E-10   -0.26E-09   3822.70   1115.60
  119   1629.97    30.0    39133.76    36304.87      470.76    0.012801    0.012967    0.63787E+05    0.59100E+05    0.84325E+03    0.51E-10   -0.26E-09   3819.73   1115.75
  120   1659.97    30.0    39133.76    36306.00      469.63    0.012770    0.012935    0.64961E+05    0.60189E+05    0.85733E+03    0.51E-10   -0.26E-09   3816.62   1115.91
  121   1689.97    30.0    39133.76    36307.12      468.51    0.012740    0.012904    0.66135E+05    0.61278E+05    0.87139E+03    0.52E-10   -0.26E-09   3813.52   1116.05
  122   1719.97    30.0    39133.76    36308.23      467.40    0.012710    0.012873    0.67309E+05    0.62368E+05    0.88541E+03    0.52E-10   -0.26E-09   3810.36   1116.21
  123   1749.97    30.0    39133.76    36309.32      466.31    0.012680    0.012843    0.68483E+05    0.63457E+05    0.89940E+03    0.52E-10   -0.26E-09   3807.35   1116.36
  124   1779.97    30.0    39133.76    36310.40      465.23    0.012650    0.012813    0.69657E+05    0.64546E+05    0.91336E+03    0.52E-10   -0.26E-09   3804.57   1116.46
  125   1809.97    30.0    39133.76    36311.47      464.16    0.012621    0.012783    0.70831E+05    0.65636E+05    0.92728E+03    0.52E-10   -0.26E-09   3801.86   1116.52
  126   1839.97    30.0    39133.76    36312.52      463.11    0.012593    0.012753    0.72005E+05    0.66725E+05    0.94118E+03    0.52E-10   -0.26E-09   3799.14   1116.54
  127   1869.97    30.0    39133.76    36313.56      462.07    0.012565    0.012724    0.73179E+05    0.67814E+05    0.95504E+03    0.52E-10   -0.26E-09   3796.52   1116.52
  128   1899.97    30.0    39133.76    36314.59      461.04    0.012537    0.012696    0.74353E+05    0.68904E+05    0.96887E+03    0.51E-10   -0.26E-09   3793.91   1116.46
  129   1929.97    30.0    39133.76    36315.60      460.03    0.012509    0.012668    0.75527E+05    0.69993E+05    0.98267E+03    0.51E-10   -0.26E-09   3791.02   1116.44
  130   1959.97    30.0    39133.76    36316.61      459.02    0.012482    0.012640    0.76701E+05    0.71083E+05    0.99644E+03    0.51E-10   -0.26E-09   3787.98   1116.41
  131   1989.97    30.0    39133.76    36317.60      458.03    0.012455    0.012612    0.77875E+05    0.72172E+05    0.10102E+04    0.52E-10   -0.26E-09   3784.91   1116.34
  132   2019.97    30.0    39133.76    36318.58      457.05    0.012428    0.012585    0.79049E+05    0.73262E+05    0.10239E+04    0.52E-10   -0.26E-09   3782.02   1116.19
  133   2049.97    30.0    39133.76    36319.54      456.09    0.012402    0.012558    0.80223E+05    0.74351E+05    0.10376E+04    0.52E-10   -0.26E-09   3779.33   1115.97
  134   2079.97    30.0    39133.76    36320.50      455.13    0.012376    0.012531    0.81397E+05    0.75441E+05    0.10512E+04    0.52E-10   -0.26E-09   3776.58   1115.74
  135   2109.97    30.0    39133.76    36321.44      454.19    0.012350    0.012505    0.82571E+05    0.76531E+05    0.10649E+04    0.52E-10   -0.26E-09   3773.70   1115.54
  136   2139.97    30.0    39133.76    36322.37      453.26    0.012325    0.012479    0.83745E+05    0.77620E+05    0.10785E+04    0.52E-10   -0.26E-09   3770.85   1115.33
  137   2169.97    30.0    39133.76    36323.29      452.34    0.012300    0.012453    0.84919E+05    0.78710E+05    0.10920E+04    0.52E-10   -0.26E-09   3768.03   1115.10
  138   2199.97    30.0    39133.76    36324.20      451.43    0.012275    0.012428    0.86093E+05    0.79800E+05    0.11056E+04    0.52E-10   -0.26E-09   3765.39   1114.81
  139   2229.97    30.0    39133.76    36325.10      450.53    0.012251    0.012403    0.87267E+05    0.80890E+05    0.11191E+04    0.52E-10   -0.26E-09   3762.94   1114.44
  140   2259.97    30.0    39133.76    36325.99      449.64    0.012227    0.012378    0.88441E+05    0.81979E+05    0.11326E+04    0.52E-10   -0.26E-09   3760.71   1113.96
  141   2289.97    30.0    39133.76    36326.86      448.77    0.012203    0.012354    0.89615E+05    0.83069E+05    0.11460E+04    0.52E-10   -0.26E-09   3758.34   1113.49
  142   2319.97    30.0    39133.76    36327.73      447.90    0.012179    0.012330    0.90789E+05    0.84159E+05    0.11595E+04    0.52E-10   -0.26E-09   3755.82   1113.04
  143   2349.97    30.0    39133.76    36328.58      447.05    0.012156    0.012306    0.91963E+05    0.85249E+05    0.11729E+04    0.52E-10   -0.26E-09   3753.30   1112.58
  144   2379.97    30.0    39133.76    36329.43      446.20    0.012133    0.012282    0.93137E+05    0.86339E+05    0.11863E+04    0.53E-10   -0.26E-09   3750.79   1112.12
  145   2409.97    30.0    39133.76    36330.26      445.37    0.012110    0.012259    0.94311E+05    0.87429E+05    0.11996E+04    0.53E-10   -0.26E-09   3748.21   1111.68
  146   2439.97    30.0    39133.76    36331.09      444.54    0.012088    0.012236    0.95485E+05    0.88519E+05    0.12130E+04    0.53E-10   -0.26E-09   3745.70   1111.19
  147   2469.97    30.0    39133.76    36331.90      443.73    0.012066    0.012213    0.96659E+05    0.89609E+05    0.12263E+04    0.53E-10   -0.26E-09   3743.34   1110.61
  148   2499.97    30.0    39133.76    36332.70      442.93    0.012044    0.012191    0.97833E+05    0.90699E+05    0.12396E+04    0.53E-10   -0.26E-09   3741.02   1109.99
  149   2529.97    30.0    39133.76    36333.49      442.14    0.012023    0.012169    0.99007E+05    0.91789E+05    0.12528E+04    0.53E-10   -0.26E-09   3738.60   1109.37
  150   2559.97    30.0    39133.76    36334.28      441.35    0.012001    0.012147    0.10018E+06    0.92879E+05    0.12661E+04    0.53E-10   -0.26E-09   3736.17   1108.78
  151   2589.97    30.0    39133.76    36335.05      440.58    0.011980    0.012125    0.10136E+06    0.93969E+05    0.12793E+04    0.53E-10   -0.26E-09   3733.78   1108.16
  152   2619.97    30.0    39133.76    36335.81      439.82    0.011959    0.012104    0.10253E+06    0.95059E+05    0.12925E+04    0.53E-10   -0.26E-09   3731.42   1107.47
  153   2649.97    30.0    39133.76    36336.56      439.07    0.011939    0.012083    0.10370E+06    0.96149E+05    0.13057E+04    0.53E-10   -0.26E-09   3729.05   1106.74
  154   2679.97    30.0    39133.76    36337.31      438.32    0.011919    0.012063    0.10488E+06    0.97239E+05    0.13188E+04    0.53E-10   -0.26E-09   3726.63   1106.02
  155   2709.97    30.0    39133.76    36338.04      437.59    0.011899    0.012042    0.10605E+06    0.98329E+05    0.13319E+04    0.53E-10   -0.26E-09   3724.18   1105.29
  156   2739.97    30.0    39133.76    36338.76      436.87    0.011879    0.012022    0.10723E+06    0.99419E+05    0.13450E+04    0.54E-10   -0.26E-09   3721.75   1104.50
  157   2769.97    30.0    39133.76    36339.47      436.16    0.011860    0.012002    0.10840E+06    0.10051E+06    0.13581E+04    0.54E-10   -0.26E-09   3719.44   1103.55
  158   2799.97    30.0    39133.76    36340.16      435.47    0.011841    0.011983    0.10957E+06    0.10160E+06    0.13712E+04    0.54E-10   -0.26E-09   3717.16   1102.48
  159   2829.97    30.0    39133.76    36340.83      434.80    0.011823    0.011965    0.11075E+06    0.10269E+06    0.13842E+04    0.54E-10   -0.26E-09   3714.85   1101.35
  160   2859.97    30.0    39133.76    36341.48      434.15    0.011805    0.011946    0.11192E+06    0.10378E+06    0.13973E+04    0.54E-10   -0.26E-09   3712.53   1100.13
  161   2889.97    30.0    39133.76    36342.12      433.51    0.011788    0.011929    0.11310E+06    0.10487E+06    0.14103E+04    0.54E-10   -0.26E-09   3710.22   1098.85
  162   2919.97    30.0    39133.76    36342.74      432.89    0.011771    0.011911    0.11427E+06    0.10596E+06    0.14232E+04    0.54E-10   -0.26E-09   3707.97   1097.50
  163   2949.97    30.0    39133.76    36343.34      432.29    0.011755    0.011895    0.11544E+06    0.10705E+06    0.14362E+04    0.54E-10   -0.26E-09   3705.82   1096.05
  164   2979.97    30.0    39133.76    36343.93      431.70    0.011739    0.011878    0.11662E+06    0.10814E+06    0.14492E+04    0.54E-10   -0.26E-09   3703.69   1094.61
  165   3009.97    30.0    39133.76    36344.51      431.12    0.011723    0.011862    0.11779E+06    0.10923E+06    0.14621E+04    0.54E-10   -0.26E-09   3701.61   1093.08
  166   3039.97    30.0    39133.76    36345.07      430.56    0.011708    0.011846    0.11897E+06    0.11032E+06    0.14750E+04    0.54E-10   -0.26E-09   3699.59   1091.40
  167   3069.97    30.0    39133.76    36345.62      430.01    0.011693    0.011831    0.12014E+06    0.11141E+06    0.14879E+04    0.54E-10   -0.26E-09   3697.66   1089.55
  168   3099.97    30.0    39133.76    36346.15      429.48    0.011678    0.011816    0.12131E+06    0.11250E+06    0.15008E+04    0.54E-10   -0.26E-09   3695.75   1087.69
  169   3129.97    30.0    39133.76    36346.67      428.96    0.011664    0.011802    0.12249E+06    0.11359E+06    0.15137E+04    0.54E-10   -0.26E-09   3693.85   1085.76
  170   3159.97    30.0    39133.76    36347.18      428.45    0.011650    0.011788    0.12366E+06    0.11468E+06    0.15265E+04    0.54E-10   -0.26E-09   3691.99   1083.72
  171   3189.97    30.0    39133.76    36347.68      427.95    0.011637    0.011774    0.12484E+06    0.11577E+06    0.15394E+04    0.54E-10   -0.26E-09   3690.02   1081.64
  172   3219.97    30.0    39133.76    36348.16      427.47    0.011624    0.011760    0.12601E+06    0.11686E+06    0.15522E+04    0.54E-10   -0.26E-09   3687.96   1079.53
  173   3249.97    30.0    39133.76    36348.64      426.99    0.011611    0.011747    0.12718E+06    0.11795E+06    0.15650E+04    0.54E-10   -0.26E-09   3685.92   1077.31
  174   3279.97    30.0    39133.76    36349.10      426.53    0.011598    0.011734    0.12836E+06    0.11905E+06    0.15778E+04    0.55E-10   -0.26E-09   3683.98   1074.92
  175   3309.97    30.0    39133.76    36349.55      426.08    0.011586    0.011722    0.12953E+06    0.12014E+06    0.15906E+04    0.55E-10   -0.26E-09   3682.10   1072.38
  176   3339.97    30.0    39133.76    36349.99      425.64    0.011574    0.011709    0.13071E+06    0.12123E+06    0.16033E+04    0.55E-10   -0.26E-09   3680.28   1069.73
  177   3369.97    30.0    39133.76    36350.43      425.20    0.011562    0.011697    0.13188E+06    0.12232E+06    0.16161E+04    0.55E-10   -0.26E-09   3678.52   1066.98
  178   3399.97    30.0    39133.76    36350.85      424.78    0.011550    0.011685    0.13305E+06    0.12341E+06    0.16288E+04    0.55E-10   -0.26E-09   3676.74   1064.15
  179   3429.97    30.0    39133.76    36351.27      424.36    0.011539    0.011674    0.13423E+06    0.12450E+06    0.16416E+04    0.55E-10   -0.26E-09   3674.85   1061.43
  180   3459.97    30.0    39133.76    36351.69      423.94    0.011528    0.011662    0.13540E+06    0.12559E+06    0.16543E+04    0.55E-10   -0.26E-09   3672.91   1058.63
  181   3489.97    30.0    39133.76    36352.09      423.54    0.011517    0.011651    0.13658E+06    0.12668E+06    0.16670E+04    0.55E-10   -0.26E-09   3671.00   1055.60
  182   3519.97    30.0    39133.76    36352.49      423.14    0.011506    0.011640    0.13775E+06    0.12777E+06    0.16797E+04    0.55E-10   -0.26E-09   3669.15   1052.35
  183   3549.97    30.0    39133.76    36352.88      422.75    0.011495    0.011629    0.13892E+06    0.12886E+06    0.16924E+04    0.55E-10   -0.26E-09   3667.28   1049.15
  184   3579.97    30.0    39133.76    36353.27      422.36    0.011485    0.011618    0.14010E+06    0.12995E+06    0.17050E+04    0.55E-10   -0.26E-09   3665.40   1045.79
  185   3609.97    30.0    39133.76    36353.66      421.97    0.011474    0.011607    0.14127E+06    0.13104E+06    0.17177E+04    0.55E-10   -0.26E-09   3663.56   1042.17
  186   3639.97    30.0    39133.76    36354.04      421.59    0.011464    0.011597    0.14245E+06    0.13213E+06    0.17304E+04    0.55E-10   -0.26E-09   3661.78   1038.24
  187   3669.97    30.0    39133.76    36354.42      421.21    0.011454    0.011586    0.14362E+06    0.13322E+06    0.17430E+04    0.54E-10   -0.26E-09   3660.01   1034.16
  188   3699.97    30.0    39133.76    36354.80      420.83    0.011443    0.011576    0.14479E+06    0.13431E+06    0.17556E+04    0.54E-10   -0.26E-09   3658.18   1029.97
  189   3729.97    30.0    39133.76    36355.19      420.44    0.011433    0.011565    0.14597E+06    0.13540E+06    0.17682E+04    0.54E-10   -0.26E-09   3656.33   1025.75
  190   3759.97    30.0    39133.76    36355.58      420.05    0.011422    0.011554    0.14714E+06    0.13649E+06    0.17808E+04    0.54E-10   -0.26E-09   3654.46   1021.45
  191   3789.97    30.0    39133.76    36355.97      419.66    0.011411    0.011543    0.14832E+06    0.13759E+06    0.17934E+04    0.54E-10   -0.26E-09   3652.59   1016.88
  192   3819.97    30.0    39133.76    36356.37      419.26    0.011401    0.011532    0.14949E+06    0.13868E+06    0.18060E+04    0.54E-10   -0.26E-09   3650.72   1012.06
  193   3849.97    30.0    39133.76    36356.77      418.86    0.011390    0.011521    0.15066E+06    0.13977E+06    0.18186E+04    0.53E-10   -0.26E-09   3648.83   1007.12
  194   3879.97    30.0    39133.76    36357.18      418.45    0.011379    0.011510    0.15184E+06    0.14086E+06    0.18311E+04    0.53E-10   -0.26E-09   3646.94   1001.88
  195   3909.97    30.0    39133.76    36357.59      418.04    0.011367    0.011498    0.15301E+06    0.14195E+06    0.18437E+04    0.53E-10   -0.26E-09   3645.04    996.69
  196   3939.97    30.0    39133.76    36358.01      417.62    0.011356    0.011486    0.15419E+06    0.14304E+06    0.18562E+04    0.53E-10   -0.26E-09   3643.13    991.50
  197   3969.97    30.0    39133.76    36358.44      417.19    0.011344    0.011474    0.15536E+06    0.14413E+06    0.18687E+04    0.53E-10   -0.26E-09   3641.20    986.11
  198   3999.97    30.0    39133.76    36358.88      416.75    0.011332    0.011462    0.15653E+06    0.14522E+06    0.18812E+04    0.53E-10   -0.26E-09   3639.29    980.33
  199   4029.97    30.0    39133.76    36359.33      416.30    0.011320    0.011450    0.15771E+06    0.14631E+06    0.18937E+04    0.53E-10   -0.26E-09   3637.38    974.69
  200   4059.97    30.0    39133.76    36359.77      415.86    0.011308    0.011437    0.15888E+06    0.14740E+06    0.19062E+04    0.53E-10   -0.26E-09   3635.46    968.86
  201   4089.97    30.0    39133.76    36360.22      415.41    0.011296    0.011425    0.16006E+06    0.14849E+06    0.19186E+04    0.54E-10   -0.26E-09   3633.54    962.67
  202   4119.97    30.0    39133.76    36360.68      414.95    0.011283    0.011412    0.16123E+06    0.14958E+06    0.19311E+04    0.54E-10   -0.26E-09   3631.58    956.56
  203   4149.97    30.0    39133.76    36361.13      414.50    0.011271    0.011399    0.16240E+06    0.15067E+06    0.19435E+04    0.54E-10   -0.26E-09   3629.57    950.80
  204   4179.97    30.0    39133.76    36361.57      414.06    0.011259    0.011387    0.16358E+06    0.15177E+06    0.19559E+04    0.55E-10   -0.26E-09   3627.54    944.69
  205   4209.97    30.0    39133.76    36362.00      413.63    0.011247    0.011375    0.16475E+06    0.15286E+06    0.19683E+04    0.55E-10   -0.26E-09   3625.49    938.48
  206   4239.97    30.0    39133.76    36362.41      413.22    0.011236    0.011364    0.16593E+06    0.15395E+06    0.19807E+04    0.55E-10   -0.26E-09   3623.39    932.36
  207   4269.97    30.0    39133.76    36362.78      412.85    0.011226    0.011354    0.16710E+06    0.15504E+06    0.19931E+04    0.55E-10   -0.26E-09   3621.23    925.89
  208   4299.97    30.0    39133.76    36363.13      412.50    0.011217    0.011344    0.16827E+06    0.15613E+06    0.20055E+04    0.55E-10   -0.26E-09   3619.01    919.10
  209   4329.97    30.0    39133.76    36363.45      412.18    0.011208    0.011335    0.16945E+06    0.15722E+06    0.20179E+04    0.55E-10   -0.26E-09   3616.72    912.80
  210   4359.97    30.0    39133.76    36363.70      411.93    0.011201    0.011328    0.17062E+06    0.15831E+06    0.20302E+04    0.56E-10   -0.26E-09   3614.35    906.31
  211   4389.97    30.0    39133.76    36363.89      411.74    0.011196    0.011323    0.17180E+06    0.15940E+06    0.20426E+04    0.56E-10   -0.26E-09   3611.88    899.31
  212   4419.97    30.0    39133.76    36364.00      411.63    0.011193    0.011320    0.17297E+06    0.16049E+06    0.20549E+04    0.56E-10   -0.26E-09   3609.32    892.25
  213   4449.97    30.0    39133.76    36364.00      411.63    0.011193    0.011320    0.17414E+06    0.16158E+06    0.20673E+04    0.57E-10   -0.26E-09   3606.67    885.69
  214   4479.97    30.0    39133.76    36363.86      411.77    0.011197    0.011324    0.17532E+06    0.16267E+06    0.20796E+04    0.57E-10   -0.26E-09   3603.98    878.86
  215   4509.97    30.0    39133.76    36363.54      412.09    0.011206    0.011333    0.17649E+06    0.16377E+06    0.20920E+04    0.58E-10   -0.26E-09   3601.25    871.63
  216   4539.97    30.0    39133.76    36362.98      412.65    0.011221    0.011348    0.17767E+06    0.16486E+06    0.21044E+04    0.60E-10   -0.26E-09   3598.46    864.57
  217   4569.51    29.5    39133.76    36362.12      413.51    0.011244    0.011372    0.17882E+06    0.16593E+06    0.21166E+04    0.68E-10   -0.26E-09   3595.64    858.06
  218   4596.31    26.8    39133.76    36361.01      414.62    0.011274    0.011403    0.17987E+06    0.16690E+06    0.21277E+04    0.69E-10   -0.27E-09   3593.04    851.89
  219   4621.46    25.2    39133.76    36359.59      416.04    0.011313    0.011442    0.18086E+06    0.16782E+06    0.21382E+04    0.71E-10   -0.27E-09   3590.54    846.30
  220   4645.55    24.1    39133.76    36357.79      417.84    0.011362    0.011493    0.18180E+06    0.16869E+06    0.21482E+04    0.72E-10   -0.27E-09   3588.09    840.96
  221   4669.07    23.5    39133.76    36355.46      420.17    0.011425    0.011557    0.18272E+06    0.16955E+06    0.21581E+04    0.73E-10   -0.27E-09   3585.64    835.46
  222   4692.52    23.4    39133.76    36352.42      423.21    0.011508    0.011642    0.18364E+06    0.17040E+06    0.21680E+04    0.75E-10   -0.27E-09   3583.16    829.76
  223   4716.24    23.7    39133.76    36348.35      427.28    0.011619    0.011755    0.18456E+06    0.17126E+06    0.21782E+04    0.94E-10   -0.27E-09   3580.56    824.70
  224   4740.68    24.4    39133.76    36342.68      432.95    0.011773    0.011913    0.18552E+06    0.17215E+06    0.21888E+04    0.11E-09   -0.28E-09   3577.78    819.83
  225   4765.50    24.8    39133.76    36334.79      440.84    0.011987    0.012133    0.18649E+06    0.17305E+06    0.21997E+04    0.15E-09   -0.29E-09   3574.87    814.61
  226   4787.93    22.4    39133.76    36325.24      450.39    0.012247    0.012399    0.18737E+06    0.17387E+06    0.22098E+04    0.16E-09   -0.29E-09   3572.19    809.55
  227   4808.83    20.9    39133.76    36312.06      463.57    0.012605    0.012766    0.18819E+06    0.17463E+06    0.22195E+04    0.23E-09   -0.31E-09   3569.58    803.08
  228   4828.80    20.0    39133.76    36295.75      479.88    0.013049    0.013221    0.18897E+06    0.17535E+06    0.22291E+04    0.20E-09   -0.30E-09   3566.98    797.75
  229   4848.50    19.7    39133.76    36274.88      500.75    0.013616    0.013804    0.18974E+06    0.17607E+06    0.22389E+04    0.22E-09   -0.31E-09   3564.33    793.24
  230   4868.21    19.7    39133.76    36247.09      528.54    0.014372    0.014582    0.19051E+06    0.17678E+06    0.22493E+04    0.43E-09   -0.36E-09   3561.61    788.55
  231   4888.46    20.3    39133.76    36207.11      568.52    0.015459    0.015702    0.19130E+06    0.17752E+06    0.22609E+04    0.35E-09   -0.34E-09   3558.65    780.44
  232   4909.58    21.1    39133.76    36151.03      624.60    0.016984    0.017278    0.19213E+06    0.17828E+06    0.22741E+04    0.40E-09   -0.35E-09   3555.49    776.84
  233   4929.65    20.1    39133.76    36075.94      699.69    0.019026    0.019395    0.19292E+06    0.17900E+06    0.22881E+04    0.32E-09   -0.33E-09   3552.42    771.38
  234   4948.09    18.4    39133.76    35983.93      791.70    0.021528    0.022001    0.19364E+06    0.17967E+06    0.23027E+04    0.22E-09   -0.31E-09   3549.60    767.83
  235   4965.85    17.8    39133.76    35867.63      908.00    0.024690    0.025315    0.19433E+06    0.18030E+06    0.23188E+04    0.52E-10   -0.26E-09   3546.89    764.99
  236   4983.40    17.5    39133.76    35715.67     1059.96    0.028822    0.029678    0.19502E+06    0.18093E+06    0.23374E+04    0.11E-08   -0.54E-09   3544.25    762.12
  237   5001.17    17.8    39133.76    35508.86     1266.77    0.034446    0.035675    0.19571E+06    0.18156E+06    0.23599E+04    0.95E-09   -0.50E-09   3541.64    760.11
  238   5019.61    18.4    39133.76    35226.87     1548.76    0.042114    0.043965    0.19644E+06    0.18221E+06    0.23885E+04    0.11E-08   -0.55E-09   3538.99    757.76
  239   5039.20    19.6    39133.76    34840.21     1935.42    0.052628    0.055551    0.19720E+06    0.18289E+06    0.24264E+04    0.11E-08   -0.55E-09   3536.28    756.42
  240   5056.67    17.5    39133.76    34385.11     2390.52    0.065003    0.069522    0.19789E+06    0.18349E+06    0.24682E+04    0.11E-08   -0.55E-09   3533.98    756.30
  241   5073.18    16.5    39133.76    33883.05     2892.58    0.078655    0.085370    0.19853E+06    0.18405E+06    0.25159E+04    0.12E-08   -0.57E-09   3531.92    757.10
  242   5089.26    16.1    39133.76    33290.86     3484.77    0.094758    0.104677    0.19916E+06    0.18459E+06    0.25720E+04    0.47E-08   -0.15E-08   3530.06    758.29
  243   5105.33    16.1    39133.76    32625.21     4150.42    0.112858    0.127215    0.19979E+06    0.18511E+06    0.26387E+04    0.46E-08   -0.15E-08   3528.35    759.83
  244   5121.90    16.6    39133.76    31902.11     4873.52    0.132520    0.152765    0.20044E+06    0.18564E+06    0.27194E+04    0.30E-07   -0.81E-08   3526.77    761.67
  245   5139.44    17.5    39133.76    31055.31     5720.32    0.155546    0.184198    0.20113E+06    0.18619E+06    0.28197E+04    0.27E-07   -0.75E-08   3525.33    764.11
  246   5158.90    19.5    39133.76    30162.05     6613.58    0.179836    0.219268    0.20189E+06    0.18677E+06    0.29485E+04    0.28E-07   -0.76E-08   3524.03    766.66
  247   5181.08    22.2    39133.76    29206.41     7569.22    0.205822    0.259163    0.20276E+06    0.18742E+06    0.31164E+04    0.35E-07   -0.96E-08   3522.94    770.98
  248   5207.03    25.9    39133.76    28157.02     8618.61    0.234357    0.306091    0.20377E+06    0.18815E+06    0.33400E+04    0.35E-07   -0.97E-08   3522.19    776.61
  249   5237.03    30.0    39133.76    27144.83     9630.80    0.261880    0.354793    0.20494E+06    0.18897E+06    0.36289E+04    0.36E-07   -0.97E-08   3521.90    782.06
  250   5267.03    30.0    39133.76    26289.89    10485.74    0.285127    0.398851    0.20612E+06    0.18975E+06    0.39435E+04    0.35E-07   -0.97E-08   3522.07    788.03
  251   5297.03    30.0    39133.76    25524.26    11251.37    0.305946    0.440811    0.20729E+06    0.19052E+06    0.42810E+04    0.34E-07   -0.93E-08   3522.65    794.31
  252   5327.03    30.0    39133.76    24838.49    11937.14    0.324594    0.480591    0.20847E+06    0.19127E+06    0.46391E+04    0.38E-07   -0.10E-07   3523.62    801.46
  253   5357.03    30.0    39133.76    24227.20    12548.43    0.341216    0.517948    0.20964E+06    0.19199E+06    0.50156E+04    0.72E-08   -0.22E-08   3524.94    808.91
  254   5387.03    30.0    39133.76    23649.51    13126.12    0.356924    0.555027    0.21081E+06    0.19270E+06    0.54094E+04    0.76E-08   -0.23E-08   3526.50    815.45
  255   5417.03    30.0    39133.76    23127.12    13648.51    0.371129    0.590152    0.21199E+06    0.19340E+06    0.58188E+04    0.90E-08   -0.27E-08   3528.26    822.83
  256   5447.03    30.0    39133.76    22645.95    14129.68    0.384213    0.623939    0.21316E+06    0.19408E+06    0.62427E+04    0.90E-08   -0.27E-08   3530.28    830.30
  257   5477.03    30.0    39133.76    22192.48    14583.15    0.396544    0.657121    0.21434E+06    0.19474E+06    0.66802E+04    0.92E-08   -0.27E-08   3532.54    838.37
  258   5507.03    30.0    39133.76    21755.29    15020.34    0.408432    0.690423    0.21551E+06    0.19539E+06    0.71308E+04    0.19E-07   -0.52E-08   3535.05    847.11
  259   5537.03    30.0    39133.76    21311.37    15464.26    0.420503    0.725634    0.21668E+06    0.19603E+06    0.75948E+04    0.20E-07   -0.56E-08   3537.78    856.98
  260   5567.03    30.0    39133.76    20891.42    15884.21    0.431922    0.760322    0.21786E+06    0.19666E+06    0.80713E+04    0.20E-07   -0.56E-08   3540.74    867.08
  261   5597.03    30.0    39133.76    20494.98    16280.65    0.442702    0.794373    0.21903E+06    0.19727E+06    0.85597E+04    0.20E-07   -0.56E-08   3543.93    877.20
  262   5627.03    30.0    39133.76    20119.31    16656.32    0.452917    0.827877    0.22021E+06    0.19788E+06    0.90594E+04    0.20E-07   -0.56E-08   3547.35    887.26
  263   5657.03    30.0    39133.76    19760.50    17015.13    0.462674    0.861068    0.22138E+06    0.19847E+06    0.95698E+04    0.20E-07   -0.56E-08   3550.99    897.53
  264   5687.03    30.0    39133.76    19410.99    17364.64    0.472178    0.894578    0.22255E+06    0.19905E+06    0.10091E+05    0.20E-07   -0.56E-08   3554.83    908.84
  265   5717.03    30.0    39133.76    19072.19    17703.44    0.481390    0.928233    0.22373E+06    0.19963E+06    0.10622E+05    0.20E-07   -0.56E-08   3558.86    920.25
  266   5747.03    30.0    39133.76    18745.15    18030.48    0.490283    0.961874    0.22490E+06    0.20019E+06    0.11163E+05    0.20E-07   -0.56E-08   3563.08    931.66
  267   5777.03    30.0    39133.76    18430.03    18345.60    0.498852    0.995419    0.22608E+06    0.20074E+06    0.11713E+05    0.20E-07   -0.56E-08   3567.49    943.07
  268   5807.03    30.0    39133.76    18124.75    18650.88    0.507153    1.029028    0.22725E+06    0.20128E+06    0.12273E+05    0.20E-07   -0.57E-08   3572.10    954.55
  269   5837.03    30.0    39133.76    17824.03    18951.60    0.515330    1.063261    0.22842E+06    0.20182E+06    0.12841E+05    0.20E-07   -0.56E-08   3576.88    966.67
  270   5867.03    30.0    39133.76    17533.62    19242.01    0.523227    1.097435    0.22960E+06    0.20235E+06    0.13419E+05    0.20E-07   -0.56E-08   3581.85    978.85
  271   5897.03    30.0    39133.76    17255.12    19520.51    0.530800    1.131288    0.23077E+06    0.20286E+06    0.14004E+05    0.20E-07   -0.56E-08   3587.01    991.00
  272   5927.03    30.0    39133.76    16980.18    19795.45    0.538276    1.165797    0.23195E+06    0.20337E+06    0.14598E+05    0.19E-07   -0.52E-08   3592.35   1003.32
  273   5957.03    30.0    39133.76    16708.42    20067.21    0.545666    1.201023    0.23312E+06    0.20387E+06    0.15200E+05    0.19E-07   -0.53E-08   3597.85   1016.24
  274   5987.03    30.0    39133.76    16446.97    20328.66    0.552775    1.236013    0.23430E+06    0.20437E+06    0.15810E+05    0.19E-07   -0.53E-08   3603.52   1029.42
  275   6017.03    30.0    39133.76    16192.66    20582.97    0.559690    1.271129    0.23547E+06    0.20485E+06    0.16427E+05   -0.13E-06    0.34E-07   3609.35   1042.91
  276   6047.03    30.0    39133.76    15946.97    20828.66    0.566371    1.306121    0.23664E+06    0.20533E+06    0.17052E+05   -0.26E-06    0.68E-07   3615.34   1056.43
  277   6077.03    30.0    39133.76    15709.42    21066.21    0.572831    1.340993    0.23782E+06    0.20580E+06    0.17684E+05   -0.38E-06    0.10E-06   3621.48   1069.89
  278   6107.03    30.0    39133.76    15472.36    21303.27    0.579277    1.376860    0.23899E+06    0.20627E+06    0.18323E+05   -0.38E-06    0.10E-06   3627.79   1082.95
  279   6137.03    30.0    39133.76    15233.88    21541.75    0.585761    1.414068    0.24017E+06    0.20672E+06    0.18970E+05   -0.38E-06    0.10E-06   3634.27   1095.67
  280   6167.03    30.0    39133.76    14995.83    21779.80    0.592235    1.452391    0.24134E+06    0.20717E+06    0.19623E+05   -0.38E-06    0.10E-06   3640.92   1108.32
  281   6197.03    30.0    39133.76    14756.76    22018.87    0.598735    1.492121    0.24251E+06    0.20762E+06    0.20284E+05   -0.38E-06    0.10E-06   3647.72   1121.45
  282   6227.03    30.0    39133.76    14521.39    22254.24    0.605136    1.532514    0.24369E+06    0.20805E+06    0.20951E+05   -0.46E-06    0.12E-06   3654.68   1134.56
  283   6257.03    30.0    39133.76    14292.41    22483.22    0.611362    1.573087    0.24486E+06    0.20848E+06    0.21626E+05   -0.46E-06    0.12E-06   3661.81   1147.62
  284   6287.03    30.0    39133.76    14069.76    22705.87    0.617416    1.613807    0.24604E+06    0.20890E+06    0.22307E+05   -0.46E-06    0.12E-06   3669.10   1160.60
  285   6317.03    30.0    39133.76    13852.08    22923.55    0.623335    1.654881    0.24721E+06    0.20932E+06    0.22995E+05   -0.46E-06    0.12E-06   3676.54   1173.73
  286   6347.03    30.0    39133.76    13638.99    23136.64    0.629130    1.696361    0.24838E+06    0.20973E+06    0.23689E+05   -0.50E-06    0.13E-06   3684.12   1186.94
  287   6377.03    30.0    39133.76    13431.30    23344.33    0.634777    1.738054    0.24956E+06    0.21013E+06    0.24389E+05   -0.54E-06    0.14E-06   3691.85   1200.11
  288   6407.03    30.0    39133.76    13229.07    23546.56    0.640276    1.779910    0.25073E+06    0.21053E+06    0.25095E+05   -0.57E-06    0.15E-06   3699.73   1213.24
  289   6437.03    30.0    39133.76    13030.94    23744.69    0.645664    1.822178    0.25191E+06    0.21092E+06    0.25808E+05   -0.57E-06    0.15E-06   3707.76   1226.58
  290   6467.03    30.0    39133.76    12836.77    23938.86    0.650944    1.864866    0.25308E+06    0.21130E+06    0.26526E+05   -0.57E-06    0.15E-06   3715.91   1240.17
  291   6497.03    30.0    39133.76    12647.37    24128.26    0.656094    1.907768    0.25425E+06    0.21168E+06    0.27250E+05   -0.57E-06    0.15E-06   3724.19   1253.85
  292   6527.03    30.0    39133.76    12458.96    24316.67    0.661217    1.951742    0.25543E+06    0.21206E+06    0.27979E+05   -0.57E-06    0.15E-06   3732.60   1267.56
  293   6557.03    30.0    39133.76    12273.10    24502.53    0.666271    1.996442    0.25660E+06    0.21242E+06    0.28714E+05   -0.62E-06    0.16E-06   3741.14   1281.27
  294   6587.03    30.0    39133.76    12096.11    24679.52    0.671084    2.040287    0.25778E+06    0.21279E+06    0.29455E+05   -0.56E-06    0.15E-06   3749.81   1294.97
  295   6617.03    30.0    39133.76    11925.28    24850.35    0.675729    2.083838    0.25895E+06    0.21315E+06    0.30200E+05   -0.51E-06    0.14E-06   3758.61   1308.63
  296   6647.03    30.0    39133.76    11759.78    25015.85    0.680229    2.127237    0.26012E+06    0.21350E+06    0.30951E+05   -0.46E-06    0.12E-06   3767.54   1322.27
  297   6677.03    30.0    39133.76    11597.75    25177.88    0.684635    2.170928    0.26130E+06    0.21385E+06    0.31706E+05   -0.46E-06    0.12E-06   3776.59   1336.05
  298   6707.03    30.0    39133.76    11438.97    25336.66    0.688952    2.214941    0.26247E+06    0.21419E+06    0.32466E+05   -0.46E-06    0.12E-06   3785.77   1349.86
  299   6737.03    30.0    39133.76    11283.03    25492.60    0.693193    2.259376    0.26365E+06    0.21453E+06    0.33231E+05   -0.46E-06    0.12E-06   3795.06   1363.69
  300   6767.03    30.0    39133.76    11129.83    25645.80    0.697358    2.304239    0.26482E+06    0.21486E+06    0.34000E+05   -0.46E-06    0.12E-06   3804.47   1377.65
  301   6797.03    30.0    39133.76    10978.91    25796.72    0.701462    2.349660    0.26599E+06    0.21519E+06    0.34774E+05   -0.43E-06    0.11E-06   3813.98   1391.81
  302   6827.03    30.0    39133.76    10830.87    25944.76    0.705488    2.395446    0.26717E+06    0.21552E+06    0.35552E+05   -0.40E-06    0.11E-06   3823.59   1406.01
  303   6857.03    30.0    39133.76    10685.37    26090.26    0.709444    2.441682    0.26834E+06    0.21584E+06    0.36335E+05   -0.39E-06    0.10E-06   3833.31   1420.34
  304   6887.03    30.0    39133.76    10545.16    26230.47    0.713257    2.487443    0.26952E+06    0.21615E+06    0.37122E+05   -0.39E-06    0.10E-06   3843.13   1434.89
  305   6917.03    30.0    39133.76    10409.01    26366.62    0.716959    2.533056    0.27069E+06    0.21647E+06    0.37913E+05   -0.38E-06    0.10E-06   3853.07   1449.41
  306   6947.03    30.0    39133.76    10276.18    26499.45    0.720571    2.578726    0.27186E+06    0.21677E+06    0.38708E+05   -0.38E-06    0.10E-06   3863.11   1463.90
  307   6977.03    30.0    39133.76    10146.27    26629.36    0.724104    2.624548    0.27304E+06    0.21708E+06    0.39507E+05   -0.38E-06    0.10E-06   3873.26   1478.36
  308   7007.03    30.0    39133.76    10019.01    26756.62    0.727564    2.670585    0.27421E+06    0.21738E+06    0.40310E+05   -0.37E-06    0.98E-07   3883.52   1492.77
  309   7037.03    30.0    39133.76     9894.16    26881.47    0.730959    2.716904    0.27539E+06    0.21768E+06    0.41116E+05   -0.35E-06    0.94E-07   3893.88   1507.17
  310   7067.03    30.0    39133.76     9771.55    27004.08    0.734293    2.763542    0.27656E+06    0.21797E+06    0.41926E+05   -0.32E-06    0.84E-07   3904.33   1521.60
  311   7097.03    30.0    39133.76     9650.82    27124.81    0.737576    2.810621    0.27773E+06    0.21826E+06    0.42740E+05   -0.30E-06    0.80E-07   3914.87   1536.09
  312   7127.03    30.0    39133.76     9532.00    27243.63    0.740807    2.858122    0.27891E+06    0.21854E+06    0.43557E+05   -0.29E-06    0.76E-07   3925.51   1550.56
  313   7157.03    30.0    39133.76     9414.95    27360.68    0.743989    2.906089    0.28008E+06    0.21883E+06    0.44378E+05   -0.27E-06    0.71E-07   3936.24   1565.00
  314   7187.03    30.0    39133.76     9299.59    27476.04    0.747126    2.954541    0.28126E+06    0.21911E+06    0.45202E+05   -0.25E-06    0.67E-07   3947.07   1579.42
  315   7217.03    30.0    39133.76     9185.43    27590.20    0.750231    3.003692    0.28243E+06    0.21938E+06    0.46030E+05   -0.25E-06    0.67E-07   3957.99   1593.90
  316   7247.03    30.0    39133.76     9072.05    27703.58    0.753314    3.053729    0.28360E+06    0.21965E+06    0.46861E+05   -0.21E-06    0.57E-07   3969.00   1608.54
  317   7277.03    30.0    39133.76     8959.71    27815.92    0.756368    3.104556    0.28478E+06    0.21992E+06    0.47696E+05   -0.20E-06    0.53E-07   3980.09   1623.18
  318   7300.00    23.0    39133.76     8874.64    27900.99    0.758682    3.143903    0.28568E+06    0.22013E+06    0.48337E+05   -0.20E-06    0.54E-07   3988.64   1634.40
 
RF =  75.009312%
